55 
51 
45 
40 
36 
31 
29 
14 
-20 
-71 
-125 
-164 
-190 
-204 
-208 
-207 
-200 
-191 
-181 
-169 
-157 
-145 
-133 
-123 
-111 
-102 
-93 
-83 
-76 
-67 
-61 
-55 
-48 
-43 
-38 
-33 
-29 
-24 
-11 
22 
75 
127 
169 
194 
207 
213 
210 
205 
197 
186 
176 
163 
152 
141 
129 
120 
109 
99 
91 
81 
75 
68 
61 
56 
49 
45 
40 
35 
32 
28 
14 
-19 
-71 
-123 
-166 
-191 
-204 
-209 
-205 
-200 
-190 
-179 
-168 
-155 
-144 
-132 
-120 
-111 
-100 
-91 
-83 
-74 
-67 
-60 
-53 
-48 
-42 
-37 
-33 
-28 
-25 
-20 
-6 
27 
80 
132 
172 
197 
209 
214 
211 
206 
198 
187 
176 
164 
152 
141 
129 
120 
110 
99 
91 
81 
74 
67 
60 
55 
49 
44 
40 
35 
32 
27 
13 
-20 
-73 
-125 
-165 
-191 
-204 
-209 
-206 
-200 
-192 
-180 
-170 
-157 
-145 
-134 
-122 
-112 
-102 
-92 
-84 
-75 
-68 
-61 
-53 
-48 
-42 
-37 
-33 
-28 
-25 
-11 
23 
74 
129 
169 
195 
208 
211 
210 
205 
196 
187 
175 
164 
152 
140 
130 
118 
109 
100 
90 
83 
74 
67 
62 
55 
50 
45 
40 
36 
31 
28 
15 
-19 
-70 
-124 
-164 
-189 
-204 
-208 
-207 
-201 
-191 
-182 
-169 
-157 
-146 
-133 
-123 
-112 
-101 
-93 
-83 
-75 
-67 
-60 
-54 
-47 
-42 
-37 
-32 
-29 
-24 
-21 
-7 
28 
79 
133 
173 
197 
211 
213 
211 
206 
196 
187 
175 
163 
153 
140 
130 
119 
108 
100 
90 
82 
75 
67 
62 
55 
50 
45 
39 
36 
31 
28 
14 
-21 
-72 
-125 
-166 
-190 
-205 
-208 
-206 
-201 
-190 
-181 
-168 
-156 
-145 
-132 
-122 
-111 
-101 
-93 
-83 
-75 
-68 
-59 
-54 
-48 
-42 
-38 
-32 
-29 
-24 
-10 
22 
75 
128 
169 
195 
207 
213 
211 
204 
197 
185 
175 
163 
151 
141 
128 
118 
108 
98 
91 
81 
74 
67 
60 
55 
49 
44 
40 
35 
32 
28 
14 
-18 
-71 
-124 
-164 
-191 
-203 
-209 
-207 
-200 
-193 
-181 
-170 
-158 
-145 
-135 
-123 
-112 
-102 
-92 
-84 
-75 
-67 
-61 
-54 
-49 
-43 
-37 
-34 
-28 
-25 
-21 
-6 
26 
79 
132 
172 
198 
210 
214 
212 
205 
198 
187 
175 
164 
151 
140 
129 
118 
109 
99 
90 
82 
74 
68 
61 
55 
50 
44 
41 
35 
31 
28 
13 
-20 
-72 
-126 
-164 
-191 
-204 
-208 
-207 
-200 
-191 
-180 
-168 
-157 
-144 
-133 
-122 
-111 
-102 
-91 
-83 
-75 
-67 
-61 
-54 
-48 
-43 
-37 
-33 
-28 
-24 
-11 
24 
75 
128 
170 
194 
209 
213 
210 
205 
196 
186 
175 
163 
152 
139 
128 
118 
108 
99 
90 
82 
75 
67 
61 
55 
49 
45 
39 
36 
32 
27 
15 
-19 
-71 
-124 
-165 
-190 
-204 
-209 
-206 
-201 
-191 
-180 
-169 
-156 
-145 
-133 
-122 
-112 
-101 
-92 
-84 
-75 
-68 
-60 
-54 
-49 
-42 
-38 
-33 
-28 
-25 
-20 
-7 
27 
80 
132 
173 
197 
210 
214 
211 
206 
197 
186 
176 
163 
152 
141 
129 
119 
108 
99 
91 
82 
75 
67 
61 
55 
49 
45 
40 
35 
32 
28 
14 
-20 
-73 
-125 
-166 
-191 
-204 
-209 
-206 
-200 
-191 
-180 
-169 
-156 
-145 
-133 
-122 
-112 
-101 
-92 
-83 
-74 
-67 
-60 
-53 
-48 
-42 
-37 
-33 
-28 
-25 
-10 
23 
75 
129 
169 
196 
209 
213 
211 
205 
196 
186 
174 
164 
151 
140 
129 
118 
108 
99 
90 
83 
74 
67 
61 
54 
50 
44 
40 
36 
31 
28 
14 
-19 
-70 
-125 
-164 
-190 
-204 
-208 
-207 
-201 
-191 
-181 
-169 
-157 
-145 
-133 
-122 
-111 
-101 
-92 
-83 
-75 
-67 
-60 
-54 
-48 
-43 
-37 
-33 
-29 
-24 
-21 
-7 
28 
79 
133 
172 
197 
211 
214 
212 
206 
197 
187 
175 
164 
152 
140 
130 
118 
108 
99 
90 
82 
74 
67 
62 
55 
50 
45 
39 
36 
31 
28 
14 
-21 
-72 
-126 
-166 
-190 
-204 
-208 
-206 
-200 
-190 
-181 
-168 
-156 
-145 
-132 
-122 
-111 
-101 
-92 
-83 
-75 
-67 
-60 
-54 
-47 
-42 
-37 
-32 
-29 
-24 
-10 
23 
76 
129 
170 
196 
208 
213 
211 
205 
197 
185 
175 
163 
151 
140 
128 
118 
108 
98 
91 
81 
74 
67 
60 
56 
49 
44 
40 
35 
32 
28 
14 
-18 
-71 
-124 
-164 
-191 
-203 
-209 
-204 
-197 
-188 
-176 
-165 
-152 
-141 
-129 
-117 
-108 
-97 
-88 
-80 
-71 
-65 
-58 
-51 
-46 
-40 
-36 
-31 
-26 
-24 
-19 
-6 
28 
81 
133 
174 
198 
210 
215 
211 
206 
198 
187 
177 
164 
152 
141 
129 
120 
109 
99 
91 
82 
75 
68 
61 
56 
49 
45 
40 
35 
32 
28 
14 
-20 
-73 
-125 
-165 
-191 
-203 
-209 
-206 
-200 
-192 
-180 
-169 
-156 
-144 
-134 
-121 
-112 
-101 
-91 
-83 
-74 
-67 
-60 
-53 
-48 
-42 
-37 
-33 
-28 
-25 
-10 
23 
74 
129 
168 
195 
209 
212 
211 
205 
196 
187 
174 
164 
152 
140 
129 
117 
108 
99 
89 
82 
74 
68 
62 
54 
50 
44 
39 
36 
31 
29 
14 
-19 
-70 
-125 
-164 
-190 
-204 
-208 
-207 
-201 
-191 
-182 
-169 
-157 
-145 
-133 
-123 
-111 
-102 
-93 
-83 
-76 
-67 
-60 
-55 
-47 
-43 
-37 
-32 
-29 
-24 
-21 
-7 
28 
79 
133 
172 
197 
211 
213 
212 
206 
197 
187 
175 
164 
152 
140 
130 
118 
108 
100 
90 
83 
75 
67 
62 
55 
50 
45 
39 
37 
31 
28 
14 
-21 
-72 
-126 
-165 
-190 
-205 
-208 
-207 
-201 
-190 
-181 
-168 
-157 
-146 
-133 
-123 
-112 
-101 
-93 
-82 
-75 
-68 
-60 
-55 
-47 
-42 
-38 
-32 
-29 
-24 
-10 
23 
76 
128 
169 
195 
207 
213 
210 
205 
197 
186 
176 
163 
151 
141 
128 
119 
108 
98 
91 
81 
74 
68 
60 
56 
49 
44 
40 
35 
32 
28 
14 
-18 
-71 
-123 
-164 
-190 
-203 
-209 
-207 
-200 
-192 
-180 
-170 
-158 
-145 
-135 
-123 
-112 
-102 
-92 
-84 
-76 
-68 
-62 
-54 
-49 
-43 
-37 
-34 
-28 
-25 
-22 
-7 
26 
79 
132 
171 
197 
209 
214 
212 
205 
198 
187 
176 
165 
152 
142 
130 
119 
110 
99 
91 
83 
75 
69 
61 
56 
50 
44 
41 
36 
32 
29 
14 
-19 
-71 
-125 
-164 
-190 
-203 
-208 
-207 
-200 
-192 
-181 
-169 
-158 
-145 
-133 
-123 
-111 
-102 
-92 
-83 
-76 
-67 
-61 
-54 
-48 
-43 
-37 
-33 
-29 
-24 
-11 
23 
74 
127 
169 
194 
208 
213 
210 
205 
197 
187 
176 
164 
153 
141 
129 
119 
108 
100 
91 
82 
76 
68 
62 
56 
49 
45 
40 
36 
32 
28 
15 
-18 
-70 
-123 
-164 
-189 
-203 
-209 
-206 
-201 
-192 
-181 
-170 
-157 
-145 
-134 
-122 
-112 
-102 
-92 
-84 
-75 
-68 
-60 
-54 
-49 
-42 
-38 
-33 
-28 
-25 
-21 
-7 
27 
80 
132 
172 
197 
210 
215 
212 
206 
198 
187 
177 
164 
152 
141 
130 
120 
110 
100 
92 
82 
75 
68 
61 
56 
50 
45 
41 
36 
32 
29 
14 
-19 
-72 
-125 
-164 
-190 
-203 
-208 
-206 
-200 
-192 
-180 
-169 
-157 
-145 
-134 
-122 
-112 
-102 
-92 
-84 
-76 
-68 
-61 
-54 
-49 
-43 
-37 
-34 
-29 
-25 
-11 
23 
74 
128 
169 
194 
208 
212 
210 
205 
196 
187 
175 
163 
152 
140 
129 
119 
108 
100 
90 
82 
75 
67 
62 
55 
50 
45 
40 
36 
32 
28 
15 
-19 
-70 
-123 
-164 
-189 
-204 
-209 
-206 
-201 
-191 
-181 
-170 
-157 
-146 
-134 
-123 
-113 
-102 
-93 
-84 
-75 
-68 
-60 
-55 
-49 
-42 
-38 
-33 
-29 
-25 
-21 
-7 
27 
79 
132 
172 
197 
210 
214 
211 
206 
197 
187 
176 
164 
153 
141 
129 
119 
109 
100 
91 
82 
75 
67 
61 
56 
49 
45 
40 
35 
32 
28 
14 
-20 
-72 
-124 
