46 
89 
129 
119 
109 
99 
90 
82 
75 
68 
61 
55 
49 
44 
39 
35 
31 
27 
13 
-21 
-74 
-128 
-168 
-194 
-207 
-212 
-211 
-205 
-197 
-187 
-176 
-164 
-153 
-142 
-131 
-120 
-110 
-101 
-92 
-83 
-76 
-69 
-62 
-56 
-50 
-45 
-40 
-36 
-32 
-18 
16 
68 
123 
163 
190 
204 
209 
208 
202 
194 
184 
173 
162 
151 
139 
128 
118 
108 
99 
90 
82 
75 
68 
61 
55 
49 
44 
39 
35 
31 
27 
13 
-20 
-72 
-126 
-167 
-192 
-206 
-211 
-210 
-205 
-197 
-187 
-175 
-164 
-152 
-141 
-130 
-120 
-110 
-100 
-91 
-83 
-75 
-68 
-62 
-56 
-50 
-45 
-40 
-35 
-31 
-28 
-13 
21 
73 
127 
167 
193 
206 
211 
209 
204 
195 
185 
175 
163 
152 
141 
130 
119 
109 
100 
91 
83 
75 
68 
62 
56 
50 
45 
40 
36 
32 
28 
14 
-20 
-73 
-126 
-167 
-192 
-206 
-211 
-210 
-204 
-196 
-185 
-174 
-163 
-151 
-140 
-129 
-119 
-109 
-99 
-90 
-82 
-75 
-68 
-61 
-55 
-49 
-44 
-39 
-35 
-31 
-17 
16 
69 
123 
164 
190 
204 
210 
208 
203 
195 
185 
175 
163 
152 
140 
129 
119 
109 
100 
91 
83 
75 
68 
62 
56 
50 
45 
40 
36 
32 
28 
14 
-19 
-71 
-125 
-166 
-192 
-206 
-211 
-209 
-204 
-195 
-185 
-174 
-163 
-151 
-140 
-129 
-118 
-108 
-99 
-90 
-82 
-75 
-68 
-61 
-55 
-49 
-44 
-39 
-35 
-31 
-27 
-13 
21 
74 
128 
168 
193 
207 
211 
210 
204 
196 
186 
175 
164 
152 
141 
130 
120 
110 
100 
92 
84 
76 
69 
62 
56 
50 
45 
40 
36 
32 
28 
14 
-20 
-72 
-126 
-166 
-192 
-206 
-211 
-209 
-204 
-195 
-185 
-174 
-163 
-151 
-140 
-129 
-118 
-108 
-99 
-90 
-82 
-74 
-67 
-61 
-55 
-49 
-44 
-39 
-35 
-31 
-17 
17 
69 
124 
165 
191 
205 
210 
208 
203 
195 
185 
175 
163 
152 
141 
130 
119 
109 
100 
91 
83 
75 
68 
62 
56 
50 
45 
40 
36 
32 
28 
15 
-18 
-70 
-125 
-166 
-192 
-206 
-211 
-209 
-204 
-195 
-185 
-174 
-163 
-151 
-140 
-129 
-119 
-109 
-99 
-91 
-83 
-75 
-68 
-61 
-55 
-49 
-44 
-39 
-35 
-31 
-27 
-13 
21 
74 
127 
168 
193 
207 
211 
210 
205 
197 
187 
176 
165 
153 
142 
131 
121 
111 
102 
93 
84 
77 
70 
63 
57 
51 
46 
41 
36 
32 
29 
14 
-20 
-72 
-126 
-165 
-191 
-205 
-210 
-209 
-204 
-195 
-185 
-174 
-163 
-151 
-140 
-129 
-118 
-108 
-99 
-90 
-82 
-75 
-68 
-61 
-55 
-49 
-44 
-39 
-35 
-31 
-17 
17 
69 
123 
164 
191 
205 
210 
209 
203 
195 
186 
175 
164 
152 
141 
130 
120 
110 
101 
92 
84 
77 
70 
63 
57 
51 
46 
41 
36 
32 
28 
15 
-19 
-70 
-125 
-165 
-192 
-205 
-210 
-209 
-204 
-195 
-185 
-174 
-163 
-151 
-140 
-129 
-118 
-108 
-99 
-90 
-82 
-74 
-67 
-61 
-55 
-49 
-44 
-39 
-35 
-31 
-27 
-13 
21 
74 
128 
168 
194 
207 
212 
210 
205 
196 
186 
175 
164 
153 
141 
130 
120 
110 
101 
92 
84 
76 
69 
62 
56 
51 
45 
40 
36 
32 
28 
14 
-20 
-72 
-126 
-166 
-192 
-206 
-211 
-209 
-204 
-195 
-185 
-174 
-162 
-151 
-140 
-129 
-118 
-108 
-99 
-90 
-82 
-74 
-67 
-61 
-55 
-49 
-44 
-39 
-35 
-31 
-17 
17 
69 
123 
165 
191 
205 
210 
209 
203 
195 
186 
175 
164 
152 
141 
130 
120 
110 
100 
91 
83 
76 
69 
62 
56 
50 
45 
41 
36 
32 
28 
15 
-18 
-70 
-124 
-165 
-191 
-205 
-210 
-209 
-204 
-196 
-186 
-175 
-163 
-152 
-141 
-130 
-120 
-110 
-100 
-91 
-83 
-75 
-68 
-61 
-55 
-49 
-44 
-39 
-35 
-31 
-27 
-13 
21 
74 
128 
168 
193 
206 
211 
210 
205 
196 
186 
175 
164 
152 
141 
130 
120 
110 
101 
92 
84 
76 
69 
63 
57 
51 
45 
40 
36 
32 
28 
14 
-20 
-72 
-125 
-165 
-191 
-205 
-210 
-209 
-204 
-195 
-185 
-174 
-163 
-151 
-140 
-129 
-119 
-109 
-100 
-91 
-83 
-75 
-68 
-62 
-55 
-49 
-44 
-39 
-35 
-31 
-17 
16 
68 
123 
164 
190 
205 
210 
209 
203 
195 
186 
175 
164 
152 
141 
130 
120 
110 
101 
92 
84 
77 
70 
63 
57 
51 
46 
41 
36 
32 
28 
15 
-18 
-70 
-124 
-165 
-191 
-205 
-210 
-209 
-204 
-195 
-185 
-175 
-163 
-152 
-140 
-129 
-119 
-109 
-100 
-91 
-83 
-75 
-68 
-61 
-55 
-49 
-44 
-39 
-35 
-31 
-27 
-13 
21 
73 
127 
167 
193 
207 
211 
210 
204 
197 
187 
176 
164 
153 
142 
131 
121 
111 
101 
93 
85 
77 
70 
63 
57 
51 
46 
41 
37 
33 
29 
15 
-19 
-71 
-125 
-166 
-191 
-205 
-210 
-209 
-203 
-195 
-185 
-174 
-163 
-151 
-140 
-129 
-119 
-109 
-99 
-91 
-83 
-75 
-68 
-61 
-55 
-49 
-44 
-39 
-35 
-31 
-17 
17 
69 
123 
164 
190 
204 
210 
209 
203 
195 
185 
175 
163 
152 
141 
130 
120 
110 
101 
92 
84 
76 
69 
62 
56 
50 
45 
40 
36 
32 
28 
15 
-19 
-71 
-125 
-165 
-191 
-205 
-210 
-210 
-204 
-196 
-186 
-175 
-164 
-152 
-140 
-129 
-119 
-109 
-100 
-91 
-83 
-75 
-68 
-62 
-55 
-49 
-44 
-39 
-35 
-31 
-27 
-13 
21 
74 
127 
167 
193 
207 
212 
210 
205 
197 
187 
176 
165 
153 
142 
131 
121 
111 
101 
92 
84 
77 
70 
63 
57 
51 
46 
41 
37 
33 
29 
15 
-19 
-72 
-125 
-165 
-191 
-205 
-210 
-209 
-204 
-195 
-185 
-174 
-163 
-151 
-140 
-129 
-118 
-108 
-99 
-90 
-82 
-75 
-68 
-61 
-55 
-50 
-44 
-39 
-35 
-31 
-17 
17 
69 
123 
164 
190 
204 
210 
209 
204 
196 
186 
175 
164 
152 
141 
130 
120 
110 
101 
92 
84 
76 
69 
63 
57 
51 
46 
41 
37 
33 
29 
9 
-30 
-87 
-138 
-174 
-196 
-207 
-210 
-208 
-201 
-193 
-182 
-171 
-160 
-148 
-137 
-126 
-116 
-106 
-97 
-88 
-80 
-73 
-66 
-59 
-53 
-48 
-43 
-38 
-34 
-30 
-26 
-12 
22 
74 
128 
168 
194 
207 
212 
210 
205 
197 
187 
176 
165 
154 
142 
131 
121 
111 
101 
92 
84 
77 
70 
63 
57 
51 
46 
41 
37 
33 
29 
14 
-20 
-72 
-125 
-165 
-191 
-205 
-210 
-209 
-204 
-195 
-185 
-174 
-163 
-151 
-140 
-129 
-119 
-109 
-99 
-91 
-83 
-75 
-68 
-61 
-55 
-49 
-44 
-39 
-35 
-31 
-17 
16 
68 
123 
163 
190 
204 
210 
209 
203 
195 
186 
175 
164 
152 
141 
130 
120 
110 
101 
92 
84 
76 
69 
63 
57 
51 
46 
41 
36 
32 
28 
15 
-18 
-70 
-124 
-165 
-191 
-205 
-210 
-209 
-204 
-195 
-185 
-174 
-163 
-151 
-140 
-129 
-119 
-109 
-100 
-91 
-83 
-75 
-68 
-61 
-55 
-49 
-44 
-39 
-35 
-31 
-27 
-13 
21 
73 
127 
167 
193 
206 
211 
210 
205 
197 
187 
176 
165 
153 
142 
131 
121 
111 
102 
93 
84 
77 
70 
63 
57 
51 
46 
41 
37 
33 
29 
15 
-20 
-72 
-126 
-165 
-191 
-205 
-210 
-209 
-204 
-195 
-185 
-174 
-163 
-151 
-140 
-129 
-119 
-109 
-99 
-90 
-82 
-75 
-68 
-61 
-55 
-49 
-44 
-39 
-35 
-31 
-17 
16 
68 
122 
163 
190 
204 
210 
209 
203 
195 
186 
175 
164 
152 
141 
130 
120 
110 
101 
92 
84 
76 
69 
63 
57 
51 
46 
41 
36 
32 
29 
15 
-18 
-70 
-124 
-165 
-191 
-205 
-210 
-209 
-204 
-195 
-185 
-174 
-163 
-151 
-140 
-129 
-119 
-109 
-99 
-90 
-82 
-75 
-68 
-61 
-55 
-49 
-44 
-39 
-35 
-31 
-27 
-13 
21 
74 
127 
167 
193 
207 
212 
210 
205 
196 
186 
176 
165 
153 
142 
131 
121 
111 
101 
92 
84 
77 
70 
63 
