-4 
-8 
-15 
-14 
-14 
-9 
0 
12 
23 
23 
18 
8 
0 
-3 
-6 
-7 
-7 
-7 
-5 
-4 
-3 
0 
0 
2 
3 
4 
6 
6 
8 
10 
11 
15 
17 
20 
22 
22 
24 
24 
23 
23 
21 
20 
18 
14 
12 
8 
5 
2 
-2 
-4 
-8 
-10 
-11 
-14 
-13 
-14 
-13 
-11 
-11 
-8 
-6 
-5 
-3 
-5 
-5 
-5 
-5 
-4 
-4 
-3 
0 
2 
7 
10 
13 
16 
14 
13 
8 
3 
-2 
-8 
-12 
-16 
-19 
-19 
-21 
-21 
-20 
-18 
-10 
1 
13 
20 
16 
8 
-1 
-8 
-10 
-12 
-12 
-13 
-14 
-12 
-11 
-8 
-5 
-5 
-3 
-3 
-2 
0 
1 
3 
5 
5 
8 
9 
11 
14 
15 
17 
17 
18 
18 
16 
15 
13 
10 
8 
3 
0 
-3 
-7 
-8 
-11 
-12 
-12 
-13 
-12 
-13 
-11 
-8 
-7 
-5 
-5 
-4 
-2 
-2 
-1 
0 
-1 
1 
1 
4 
9 
12 
17 
18 
19 
18 
14 
10 
4 
0 
-2 
-6 
-7 
-9 
-10 
-9 
-9 
-6 
2 
14 
27 
32 
28 
20 
10 
5 
1 
-1 
-1 
-2 
0 
1 
2 
4 
4 
5 
6 
6 
8 
9 
10 
12 
13 
16 
19 
22 
25 
25 
26 
26 
26 
26 
24 
22 
20 
17 
16 
12 
8 
5 
0 
-3 
-8 
-11 
-12 
-14 
-13 
-13 
-13 
-11 
-10 
-9 
-9 
-9 
-7 
-7 
-7 
-6 
-6 
-5 
-4 
-2 
0 
2 
5 
9 
12 
14 
15 
14 
11 
6 
2 
-2 
-6 
-9 
-10 
-11 
-12 
-13 
-12 
-11 
-6 
4 
16 
24 
23 
16 
7 
1 
-2 
-4 
-6 
-6 
-5 
-3 
-1 
0 
1 
2 
3 
4 
6 
7 
9 
11 
13 
15 
17 
19 
21 
24 
27 
29 
29 
29 
28 
27 
26 
24 
22 
18 
15 
10 
6 
2 
-1 
-4 
-6 
-8 
-9 
-9 
-8 
-7 
-6 
-5 
-5 
-5 
-5 
-5 
-4 
-4 
-4 
-4 
-6 
-5 
-4 
-2 
2 
5 
10 
13 
14 
13 
10 
5 
0 
-7 
-12 
-17 
-20 
-22 
-23 
-22 
-22 
-21 
-17 
-11 
1 
11 
16 
13 
5 
-1 
-7 
-11 
-13 
-14 
-14 
-13 
-14 
-12 
-11 
-9 
-7 
-6 
-2 
-1 
0 
0 
0 
3 
6 
8 
11 
12 
15 
17 
17 
19 
18 
18 
18 
15 
14 
10 
6 
1 
-5 
-9 
-14 
-17 
-18 
-20 
-20 
-21 
-21 
-19 
-19 
-18 
-17 
-18 
-16 
-17 
-15 
-13 
-13 
-11 
-11 
-10 
-7 
-6 
-2 
0 
2 
6 
5 
5 
2 
-3 
-6 
-12 
-15 
-17 
-21 
-21 
-22 
-22 
-21 
-21 
-14 
-5 
7 
17 
15 
9 
0 
-6 
-9 
-12 
-13 
-13 
-14 
-12 
-12 
-11 
-9 
-9 
-6 
-4 
-3 
0 
0 
2 
2 
2 
4 
5 
7 
10 
12 
16 
17 
17 
18 
16 
16 
13 
10 
7 
2 
-1 
-6 
-10 
-11 
-14 
-15 
-17 
-19 
-18 
-19 
-18 
-16 
-16 
-14 
-14 
-13 
-12 
-12 
-9 
-7 
-4 
0 
2 
6 
9 
10 
12 
9 
7 
3 
-3 
-7 
-12 
-15 
-17 
-20 
-19 
-19 
-18 
-15 
-11 
0 
12 
21 
24 
17 
8 
1 
-4 
-6 
-8 
-9 
-8 
-8 
-6 
-4 
-3 
0 
0 
2 
3 
3 
6 
6 
9 
12 
14 
17 
19 
21 
23 
22 
24 
24 
23 
23 
21 
19 
15 
10 
6 
0 
-3 
-6 
-10 
-12 
-14 
-14 
-13 
-13 
-11 
-10 
-9 
-7 
-7 
-6 
-5 
-5 
-4 
-5 
-3 
-1 
0 
4 
7 
10 
14 
14 
15 
12 
9 
5 
0 
-4 
-8 
-12 
-13 
-15 
-14 
-14 
-14 
-9 
-3 
9 
22 
27 
24 
16 
7 
3 
-1 
-2 
-3 
-4 
-2 
-1 
1 
4 
5 
8 
8 
9 
11 
12 
15 
15 
17 
20 
22 
25 
27 
29 
32 
32 
33 
33 
32 
32 
30 
27 
25 
21 
17 
12 
7 
3 
-1 
-2 
-4 
-5 
-4 
-5 
-4 
-2 
-1 
1 
2 
3 
4 
5 
8 
11 
15 
19 
22 
25 
25 
25 
24 
20 
15 
9 
3 
0 
-3 
-4 
-5 
-6 
-4 
-3 
-1 
3 
10 
22 
30 
31 
26 
18 
13 
11 
10 
11 
12 
13 
14 
14 
16 
17 
17 
18 
18 
20 
21 
22 
24 
26 
28 
29 
31 
33 
34 
35 
35 
35 
34 
33 
32 
31 
28 
25 
20 
15 
11 
7 
3 
0 
-3 
-6 
-7 
-8 
-8 
-8 
-8 
-8 
-9 
-9 
-9 
-9 
-6 
-3 
0 
4 
6 
8 
8 
7 
5 
0 
-5 
-12 
-19 
-25 
-30 
-33 
-35 
-37 
-37 
-37 
-37 
-34 
-27 
-17 
-11 
-12 
-20 
-30 
-36 
-41 
-44 
-46 
-49 
-51 
-52 
-52 
-50 
-49 
-48 
-46 
-45 
-44 
-45 
-46 
-46 
-47 
-46 
-45 
-45 
-42 
-42 
-42 
-41 
-42 
-41 
-41 
-41 
-42 
-45 
-48 
-52 
-57 
-61 
-66 
-70 
-74 
-79 
-80 
-82 
-81 
-80 
-79 
-76 
-74 
-73 
-70 
-70 
-66 
-62 
-58 
-53 
-50 
-46 
-43 
-44 
-44 
-48 
-52 
-57 
-62 
-64 
-67 
-68 
-67 
-68 
-65 
-64 
-61 
-53 
-43 
-30 
-21 
-22 
-26 
-33 
-37 
-38 
-40 
-38 
-37 
-36 
-33 
-32 
-29 
-29 
-28 
-26 
-26 
-23 
-20 
-18 
-13 
-10 
-7 
-4 
-2 
2 
3 
5 
5 
4 
5 
6 
6 
7 
5 
5 
1 
-2 
-4 
-7 
-7 
-7 
-8 
-6 
-6 
-4 
-1 
0 
2 
4 
6 
10 
13 
19 
23 
27 
33 
36 
39 
40 
38 
36 
31 
27 
23 
19 
18 
16 
16 
16 
16 
20 
23 
29 
42 
54 
63 
60 
52 
45 
39 
37 
37 
36 
37 
37 
39 
41 
42 
44 
45 
46 
49 
49 
51 
53 
54 
58 
59 
61 
62 
62 
64 
64 
64 
64 
63 
64 
63 
61 
60 
55 
52 
48 
43 
41 
36 
35 
34 
33 
33 
32 
31 
32 
32 
34 
35 
36 
39 
40 
44 
47 
51 
56 
58 
60 
60 
56 
51 
44 
38 
33 
27 
24 
21 
19 
19 
18 
19 
22 
30 
43 
52 
55 
49 
39 
32 
26 
23 
23 
21 
21 
21 
22 
24 
23 
24 
26 
26 
27 
27 
28 
30 
30 
33 
34 
35 
36 
36 
37 
37 
37 
39 
37 
37 
35 
33 
30 
26 
21 
17 
11 
7 
3 
0 
-1 
-3 
-3 
-3 
-3 
-1 
-1 
0 
0 
0 
1 
2 
6 
10 
13 
17 
19 
20 
21 
18 
15 
9 
2 
-2 
-8 
-11 
-13 
-15 
-15 
-16 
-14 
-11 
-6 
5 
17 
23 
22 
13 
5 
0 
-5 
-6 
-7 
-6 
-4 
-3 
-1 
0 
1 
3 
3 
4 
5 
7 
9 
9 
11 
12 
13 
16 
17 
19 
19 
19 
21 
20 
19 
18 
15 
14 
10 
6 
2 
-2 
-7 
-11 
-14 
-14 
-15 
-14 
-13 
-13 
-11 
-11 
-10 
-9 
-9 
-8 
-9 
-7 
-4 
-2 
1 
4 
5 
6 
5 
3 
0 
-6 
-11 
-17 
-21 
-24 
-26 
-27 
-28 
-28 
-27 
-24 
-16 
-5 
6 
11 
7 
0 
-6 
-10 
-13 
-14 
-15 
-14 
-14 
-13 
-13 
-12 
-10 
-8 
-6 
-4 
-3 
-1 
0 
2 
3 
4 
6 
8 
10 
11 
12 
12 
13 
12 
12 
11 
9 
7 
3 
0 
-4 
-8 
-12 
-15 
-17 
-18 
-19 
-18 
-17 
-16 
-15 
-15 
-15 
-14 
-14 
-14 
-15 
-14 
-11 
-7 
-3 
0 
3 
5 
6 
5 
3 
-1 
-6 
-12 
-17 
-20 
-23 
-25 
-27 
-28 
-27 
-27 
-24 
-18 
-8 
3 
9 
7 
0 
-6 
-10 
-12 
-13 
-14 
-15 
-14 
-12 
-11 
-9 
-8 
-6 
-5 
-5 
-3 
-2 
0 
1 
1 
4 
6 
8 
10 
10 
12 
13 
13 
14 
12 
11 
10 
6 
4 
0 
-4 
-6 
-11 
-13 
-16 
-17 
-17 
-18 
-17 
-16 
-16 
-14 
-14 
-13 
-12 
-12 
-10 
-10 
-8 
-6 
-4 
-1 
0 
2 
5 
6 
9 
8 
5 
3 
-2 
-6 
-10 
-14 
-15 
-18 
-18 
-18 
-18 
-16 
-13 
-5 
6 
14 
17 
11 
4 
0 
-2 
-2 
-3 
-5 
-4 
-5 
-4 
-3 
-3 
0 
0 
1 
4 
4 
7 
8 
8 
10 
10 
13 
15 
15 
18 
18 
19 
19 
18 
18 
16 
13 
11 
7 
4 
0 
-4 
-7 
-11 
-12 
-13 
-14 
-14 
-15 
-14 
-13 
-13 
-11 
-10 
-9 
-8 
-8 
-7 
-7 
-7 
-5 
-3 
0 
3 
6 
11 
12 
14 
14 
10 
7 
0 
-5 
-8 
-12 
-13 
-15 
-16 
-15 
-16 
-14 
-10 
-2 
10 
18 
20 
14 
5 
0 
-4 
-4 
-4 
-4 
-2 
-2 
-1 
0 
0 
3 
5 
6 
9 
9 
11 
13 
13 
16 
17 
18 
20 
20 
23 
24 
24 
25 
23 
22 
19 
17 
16 
12 
8 
4 
-1 
-3 
-7 
-9 
-9 
-11 
-10 
-10 
-9 
-8 
-8 
-6 
-6 
-5 
-3 
-4 
-3 
-2 
-4 
-2 
-1 
2 
6 
8 
12 
13 
12 
12 
7 
3 
-2 
-8 
-11 
-14 
-15 
-15 
-16 
-14 
-13 
-8 
1 
13 
25 
29 
24 
16 
6 
1 
-1 
-2 
-1 
-2 
-1 
0 
0 
3 
3 
4 
6 
4 
6 
6 
7 
10 
11 
14 
16 
18 
20 
20 
21 
21 
21 
22 
21 
20 
19 
15 
12 
7 
3 
1 
-3 
-6 
-9 
-13 
-13 
-14 
-12 
-10 
-10 
-8 
-8 
-6 
-4 
-5 
-3 
-4 
-3 
-2 
-3 
-2 
-1 
-1 
1 
3 
8 
12 
14 
17 
16 
13 
10 
4 
0 
-5 
-9 
-11 
-14 
-15 
-16 
-16 
-13 
-11 
-3 
9 
20 
25 
18 
9 
2 
-2 
-3 
-4 
-4 
-2 
-2 
0 
1 
2 
5 
5 
6 
7 
8 
11 
13 
15 
16 
16 
18 
19 
21 
23 
23 
25 
26 
26 
27 
24 
23 
21 
18 
15 
11 
6 
2 
-2 
-5 
-9 
-11 
-11 
-11 
-10 
-10 
-9 
-7 
-6 
-4 
-3 
-3 
-3 
-3 
-2 
-2 
-2 
-2 
-1 
0 
4 
7 
10 
13 
14 
14 
11 
7 
3 
-2 
-6 
-11 
-13 
-15 
-17 
-20 
-21 
-22 
-20 
-16 
-6 
4 
12 
10 
2 
-6 
-11 
-14 
-16 
-16 
-16 
-15 
-15 
-16 
-16 
-17 
-16 
-15 
-13 
-12 
-11 
-10 
-8 
-8 
-7 
-5 
-3 
-1 
0 
1 
2 
2 
1 
0 
-1 
-3 
-6 
-9 
-14 
-18 
-22 
-26 
-29 
-32 
-34 
-36 
-37 
-38 
-38 
-39 
-38 
-38 
-37 
-36 
-36 
-35 
-35 
-34 
-34 
-35 
-34 
-33 
-33 
-32 
-32 
-31 
-29 
-28 
-24 
-21 
-17 
-13 
-12 
-12 
-15 
-19 
-23 
-28 
-32 
-35 
-39 
-39 
-40 
-41 
-40 
-40 
-36 
-29 
-17 
-4 
0 
-4 
-13 
-22 
-26 
-29 
-30 
-31 
-31 
-30 
-29 
-27 
-24 
-23 
-20 
-19 
-18 
-16 
-16 
-14 
-12 
-11 
-8 
-6 
-3 
0 
1 
3 
3 
3 
4 
4 
4 
3 
1 
0 
-3 
-6 
-10 
-16 
-19 
-23 
-26 
-27 
-29 
-27 
-26 
-25 
-21 
-20 
-17 
-16 
-15 
-13 
-12 
-11 
-10 
-9 
-7 
-8 
-8 
-7 
-8 
-7 
-7 
-6 
-2 
0 
5 
9 
12 
15 
13 
11 
7 
1 
-2 
-6 
-9 
-10 
-12 
-11 
-11 
-9 
-5 
1 
13 
26 
32 
30 
20 
11 
6 
2 
2 
2 
2 
4 
5 
7 
8 
8 
10 
11 
13 
15 
16 
18 
19 
21 
24 
25 
28 
30 
32 
35 
36 
38 
38 
38 
38 
37 
35 
33 
29 
26 
21 
17 
13 
9 
8 
6 
4 
4 
3 
5 
6 
6 
9 
10 
12 
14 
14 
15 
14 
14 
14 
12 
13 
14 
14 
15 
14 
14 
13 
12 
15 
16 
20 
25 
28 
33 
33 
34 
33 
29 
24 
18 
11 
8 
4 
2 
1 
0 
1 
1 
5 
13 
24 
37 
40 
34 
26 
16 
12 
9 
7 
9 
7 
9 
10 
10 
12 
11 
13 
14 
14 
17 
18 
20 
22 
22 
25 
26 
27 
30 
30 
33 
34 
33 
35 
32 
31 
29 
26 
25 
20 
15 
10 
4 
1 
-2 
-6 
-6 
-8 
-8 
-9 
-10 
-8 
-7 
-6 
-5 
-6 
-4 
-4 
-3 
-1 
-3 
-2 
-2 
-2 
0 
-2 
-1 
0 
0 
2 
2 
5 
9 
11 
17 
20 
22 
23 
20 
17 
12 
6 
3 
-2 
-4 
-6 
-8 
-7 
-8 
-7 
-3 
1 
13 
24 
30 
28 
17 
8 
1 
-2 
-3 
-5 
-4 
-5 
-6 
-5 
-5 
-4 
-2 
-2 
0 
0 
1 
3 
4 
7 
8 
9 
11 
12 
15 
17 
18 
19 
18 
19 
19 
17 
15 
11 
7 
4 
-2 
-6 
-11 
-14 
-15 
-17 
-18 
-18 
-18 
-15 
-14 
-12 
-10 
-10 
-8 
-8 
-7 
-5 
-5 
-4 
-4 
-4 
-2 
-2 
-2 
-1 
-1 
1 
3 
6 
10 
12 
15 
16 
14 
12 
6 
1 
-3 
-7 
-9 
-11 
-12 
-13 
-13 
-11 
-8 
0 
12 
22 
25 
19 
9 
1 
-4 
-7 
-8 
-8 
-6 
-5 
-4 
-2 
-1 
-1 
0 
1 
4 
6 
7 
9 
10 
12 
13 
15 
17 
18 
21 
24 
26 
27 
27 
26 
25 
23 
21 
17 
12 
8 
3 
0 
-4 
-7 
-10 
-13 
-14 
-15 
-15 
-15 
-15 
-15 
-13 
-12 
-11 
-10 
-9 
-7 
-6 
-6 
-6 
-7 
-7 
-7 
-8 
-8 
-8 
-6 
-2 
1 
6 
10 
13 
14 
13 
11 
6 
0 
-4 
-8 
-11 
-14 
-15 
-15 
-16 
-16 
-14 
-11 
-1 
10 
20 
22 
15 
6 
0 
-5 
-6 
-8 
-7 
-7 
-6 
-3 
-2 
-1 
0 
-1 
0 
0 
1 
3 
4 
7 
9 
11 
14 
15 
17 
19 
21 
23 
23 
23 
23 
21 
20 
17 
13 
9 
4 
0 
-4 
-8 
-10 
-12 
-14 
-15 
-16 
-15 
-14 
-14 
-12 
-12 
-11 
-10 
-9 
-7 
-7 
-7 
-6 
-6 
-5 
-5 
-5 
-3 
-1 
2 
6 
9 
13 
15 
15 
15 
11 
7 
1 
-5 
-8 
-12 
-13 
-15 
-16 
-16 
-16 
-13 
-5 
6 
20 
26 
23 
14 
4 
-1 
-4 
-6 
-6 
-7 
-6 
-5 
-6 
-5 
-5 
-4 
-2 
-1 
2 
3 
4 
6 
7 
9 
10 
10 
13 
14 
17 
19 
20 
23 
23 
23 
22 
19 
16 
12 
7 
4 
-1 
-4 
-7 
-10 
-9 
-10 
-10 
-8 
-8 
-6 
-5 
-4 
-2 
-2 
0 
1 
2 
5 
5 
7 
8 
7 
8 
9 
12 
16 
19 
23 
24 
24 
24 
19 
16 
10 
5 
2 
-2 
-5 
-7 
-9 
-8 
-7 
-2 
8 
21 
34 
36 
30 
22 
12 
8 
5 
3 
4 
3 
5 
7 
7 
9 
9 
10 
12 
12 
15 
16 
17 
20 
20 
23 
24 
24 
27 
27 
29 
31 
30 
31 
29 
28 
26 
22 
20 
15 
10 
6 
0 
-2 
-7 
-11 
-12 
-15 
-14 
-13 
-13 
-10 
-11 
-10 
-9 
-10 
-8 
-10 
-10 
-10 
-13 
-10 
-10 
-7 
-4 
-3 
1 
3 
4 
5 
1 
-1 
-7 
-14 
-18 
-25 
-27 
-29 
-32 
-31 
-33 
-32 
-26 
-18 
-3 
5 
5 
0 
-12 
-18 
-25 
-30 
-32 
-35 
-34 
-33 
-34 
-31 
-31 
-30 
-28 
-28 
-25 
-25 
-24 
-23 
-24 
-22 
-21 
-19 
-15 
-14 
-11 
-10 
-10 
-9 
-10 
-9 
-10 
-14 
-16 
-22 
-26 
-30 
-36 
-39 
-42 
-45 
-46 
-48 
-48 
-48 
-48 
-46 
-45 
-43 
-41 
-41 
-38 
-37 
-36 
-34 
-33 
-29 
-26 
-23 
-19 
-16 
-13 
-13 
-16 
-19 
-24 
-28 
-31 
-35 
-36 
-38 
-39 
-38 
-38 
-36 
-31 
-20 
-6 
2 
4 
-2 
-11 
-18 
-23 
-25 
-26 
-27 
-25 
-23 
-21 
-18 
-17 
-15 
-14 
-13 
-10 
-9 
-6 
-4 
-3 
0 
1 
3 
5 
7 
10 
12 
13 
14 
14 
14 
13 
12 
10 
5 
1 
-3 
-7 
-9 
-12 
-13 
-13 
-14 
-14 
-14 
-12 
-11 
-10 
-9 
-8 
-8 
-6 
-6 
-5 
-3 
-1 
3 
8 
12 
15 
16 
16 
15 
13 
9 
3 
0 
-3 
