-2 
-4 
-8 
-9 
-9 
-2 
12 
33 
47 
44 
28 
11 
-1 
-8 
-13 
-15 
-15 
-16 
-14 
-12 
-10 
-8 
-6 
-3 
0 
0 
2 
2 
4 
4 
5 
8 
10 
12 
15 
16 
19 
20 
21 
21 
20 
18 
15 
11 
10 
7 
5 
3 
0 
-1 
-4 
-5 
-6 
-9 
-9 
-9 
-8 
-6 
-6 
-4 
-3 
-2 
-2 
-3 
-4 
-4 
-4 
-2 
-2 
-1 
0 
1 
5 
8 
12 
14 
14 
13 
10 
6 
2 
-2 
-5 
-7 
-9 
-9 
-10 
-10 
-9 
-5 
7 
26 
43 
47 
33 
13 
-2 
-12 
-16 
-17 
-16 
-15 
-15 
-14 
-12 
-9 
-6 
-6 
-4 
-3 
-1 
0 
2 
4 
5 
5 
7 
7 
9 
12 
14 
16 
16 
16 
17 
15 
14 
12 
10 
8 
5 
3 
1 
-1 
-2 
-5 
-8 
-9 
-11 
-11 
-10 
-8 
-6 
-5 
-3 
-2 
-2 
0 
0 
0 
0 
0 
0 
0 
0 
3 
5 
10 
12 
14 
14 
11 
7 
2 
-1 
-3 
-4 
-4 
-4 
-5 
-5 
-6 
-1 
11 
30 
48 
50 
38 
20 
4 
-4 
-10 
-13 
-13 
-12 
-10 
-8 
-6 
-3 
-2 
0 
1 
1 
3 
4 
5 
6 
6 
8 
11 
13 
15 
17 
19 
20 
20 
21 
19 
18 
16 
13 
10 
8 
5 
3 
0 
-1 
-3 
-5 
-5 
-5 
-5 
-5 
-5 
-4 
-4 
-3 
-2 
-2 
-1 
-1 
-1 
-1 
-1 
0 
1 
1 
2 
3 
5 
8 
10 
13 
15 
15 
13 
9 
5 
1 
-3 
-5 
-6 
-6 
-5 
-6 
-6 
-4 
2 
18 
38 
49 
42 
23 
5 
-6 
-12 
-16 
-18 
-17 
-16 
-13 
-12 
-10 
-9 
-8 
-8 
-6 
-5 
-3 
-1 
1 
4 
6 
8 
10 
13 
15 
18 
18 
18 
18 
17 
17 
17 
16 
15 
14 
12 
9 
5 
1 
-2 
-3 
-4 
-4 
-4 
-4 
-3 
-4 
-5 
-5 
-6 
-5 
-4 
-4 
-2 
-2 
-1 
-1 
-1 
-1 
-1 
0 
3 
5 
8 
10 
10 
11 
8 
6 
1 
-3 
-6 
-8 
-9 
-10 
-11 
-11 
-12 
-12 
-6 
4 
25 
42 
47 
36 
16 
0 
-8 
-13 
-13 
-14 
-14 
-14 
-14 
-12 
-11 
-9 
-7 
-5 
-1 
0 
1 
3 
4 
7 
9 
10 
13 
14 
16 
17 
17 
19 
19 
19 
18 
16 
15 
13 
11 
8 
4 
1 
-2 
-5 
-5 
-7 
-7 
-7 
-8 
-8 
-9 
-8 
-7 
-6 
-5 
-6 
-5 
-3 
-3 
-1 
-1 
-1 
0 
0 
2 
3 
5 
8 
8 
10 
8 
5 
2 
-1 
-3 
-4 
-7 
-7 
-9 
-9 
-9 
-7 
1 
18 
37 
49 
42 
25 
9 
-3 
-9 
-14 
-16 
-16 
-17 
-16 
-15 
-14 
-12 
-11 
-9 
-8 
-6 
-3 
-1 
1 
3 
3 
5 
6 
8 
10 
11 
14 
15 
16 
17 
16 
16 
15 
14 
13 
10 
7 
4 
1 
1 
0 
-2 
-3 
-5 
-4 
-4 
-3 
-1 
-1 
0 
0 
0 
1 
1 
3 
4 
6 
9 
10 
12 
15 
16 
18 
17 
15 
13 
8 
5 
0 
-3 
-5 
-7 
-7 
-6 
-5 
-2 
4 
20 
42 
54 
51 
32 
13 
0 
-8 
-12 
-13 
-14 
-13 
-13 
-11 
-9 
-7 
-5 
-5 
-3 
-2 
-1 
0 
1 
4 
6 
7 
10 
11 
13 
15 
15 
16 
16 
15 
15 
14 
13 
11 
8 
6 
3 
0 
-1 
-4 
-6 
-7 
-7 
-6 
-6 
-5 
-6 
-6 
-5 
-5 
-3 
-1 
-1 
0 
0 
1 
2 
3 
6 
8 
11 
14 
15 
15 
14 
11 
7 
1 
-2 
-5 
-7 
-8 
-10 
-9 
-8 
-9 
-5 
5 
24 
43 
47 
36 
18 
2 
-6 
-12 
-13 
-14 
-15 
-14 
-13 
-11 
-8 
-7 
-3 
-2 
0 
3 
5 
8 
10 
12 
14 
15 
16 
17 
18 
21 
23 
25 
26 
26 
26 
25 
23 
22 
18 
14 
10 
6 
3 
0 
-1 
-2 
-3 
-4 
-5 
-6 
-5 
-4 
-2 
-1 
-1 
-1 
-1 
0 
2 
4 
7 
9 
12 
13 
13 
12 
9 
5 
1 
-3 
-6 
-11 
-14 
-16 
-17 
-16 
-15 
-13 
-6 
9 
29 
41 
36 
19 
0 
-10 
-15 
-18 
-18 
-18 
-16 
-14 
-14 
-13 
-12 
-10 
-9 
-7 
-5 
-3 
-3 
-2 
0 
1 
4 
6 
8 
9 
11 
12 
13 
14 
16 
16 
15 
12 
8 
4 
0 
-2 
-5 
-7 
-9 
-11 
-11 
-10 
-9 
-8 
-8 
-8 
-8 
-9 
-9 
-9 
-8 
-5 
-2 
1 
5 
8 
10 
12 
12 
11 
8 
4 
0 
-3 
-5 
-8 
-10 
-11 
-11 
-12 
-12 
-10 
-2 
14 
36 
48 
43 
26 
8 
-2 
-10 
-15 
-17 
-19 
-19 
-18 
-17 
-14 
-11 
-8 
-4 
-2 
0 
1 
0 
1 
0 
1 
2 
3 
6 
8 
10 
12 
13 
15 
14 
13 
13 
11 
9 
6 
2 
0 
-4 
-7 
-10 
-12 
-13 
-14 
-13 
-12 
-11 
-9 
-7 
-6 
-4 
-5 
-4 
-2 
0 
4 
6 
9 
11 
11 
10 
6 
1 
-3 
-9 
-11 
-13 
-14 
-15 
-17 
-17 
-18 
-17 
-8 
10 
31 
40 
31 
14 
-2 
-11 
-16 
-18 
-17 
-16 
-14 
-12 
-11 
-8 
-7 
-6 
-4 
-4 
-1 
1 
4 
8 
10 
13 
16 
17 
21 
23 
26 
27 
26 
25 
23 
21 
20 
17 
16 
14 
11 
9 
6 
5 
4 
1 
0 
-1 
-1 
0 
-1 
0 
0 
1 
4 
4 
6 
7 
8 
11 
13 
15 
16 
14 
13 
10 
6 
3 
0 
0 
-1 
-3 
-4 
-6 
-6 
-2 
8 
29 
46 
51 
39 
19 
5 
-4 
-9 
-12 
-13 
-13 
-13 
-11 
-7 
-6 
-4 
-3 
-3 
0 
0 
3 
5 
6 
8 
9 
12 
14 
15 
17 
18 
18 
19 
19 
21 
21 
20 
18 
16 
14 
12 
9 
8 
6 
5 
5 
4 
4 
3 
2 
2 
1 
2 
2 
2 
4 
6 
9 
12 
14 
17 
19 
20 
19 
15 
12 
6 
0 
-3 
-6 
-7 
-8 
-8 
-6 
-7 
-5 
0 
13 
35 
49 
49 
34 
15 
1 
-8 
-12 
-12 
-13 
-12 
-11 
-10 
-8 
-8 
-6 
-4 
-3 
0 
0 
2 
4 
6 
9 
10 
12 
14 
15 
17 
18 
18 
19 
19 
19 
18 
17 
16 
14 
11 
8 
4 
2 
-1 
-3 
-4 
-5 
-5 
-6 
-6 
-4 
-4 
-2 
-1 
-1 
0 
0 
0 
3 
5 
9 
12 
14 
15 
13 
11 
8 
4 
2 
-2 
-5 
-7 
-9 
-9 
-10 
-10 
-5 
5 
25 
45 
52 
43 
24 
9 
-1 
-9 
-13 
-16 
-16 
-15 
-14 
-11 
-9 
-7 
-5 
-4 
-2 
0 
1 
3 
4 
5 
5 
6 
9 
12 
15 
16 
17 
18 
17 
17 
16 
14 
14 
12 
10 
9 
6 
4 
1 
-1 
-1 
-2 
-2 
-2 
-3 
-1 
0 
0 
1 
2 
3 
3 
4 
6 
8 
11 
13 
15 
17 
17 
16 
13 
9 
5 
1 
-1 
-3 
-5 
-5 
-6 
-7 
-6 
-2 
9 
27 
42 
43 
30 
14 
2 
-4 
-8 
-11 
-13 
-13 
-13 
-13 
-12 
-12 
-10 
-8 
-5 
-3 
-2 
0 
0 
2 
3 
5 
7 
9 
11 
13 
14 
14 
15 
15 
15 
15 
14 
13 
11 
9 
7 
4 
2 
0 
-2 
-4 
-5 
-5 
-4 
-3 
-2 
-2 
-1 
-1 
0 
0 
0 
1 
2 
4 
7 
10 
12 
14 
15 
16 
16 
13 
8 
3 
-1 
-4 
-7 
-9 
-9 
-10 
-10 
-10 
-6 
4 
23 
42 
47 
36 
17 
2 
-6 
-11 
-14 
-14 
-15 
-13 
-11 
-9 
-6 
-4 
-3 
-2 
-2 
-1 
0 
2 
4 
5 
7 
10 
12 
14 
15 
16 
16 
16 
17 
16 
16 
15 
12 
11 
8 
7 
5 
2 
0 
-1 
-3 
-3 
-4 
-4 
-4 
-4 
-2 
-3 
-2 
-1 
0 
1 
2 
4 
5 
5 
6 
6 
8 
11 
13 
15 
15 
13 
11 
7 
4 
0 
-3 
-5 
-8 
-9 
-9 
-10 
-7 
0 
15 
35 
46 
43 
25 
7 
-3 
-10 
-13 
-14 
-14 
-13 
-12 
-10 
-7 
-6 
-3 
-2 
0 
1 
2 
5 
6 
7 
9 
9 
12 
14 
15 
16 
17 
18 
19 
18 
18 
18 
17 
16 
12 
10 
7 
4 
2 
0 
0 
0 
-2 
-3 
-4 
-4 
-3 
-4 
-3 
-3 
-2 
-1 
-1 
0 
1 
1 
2 
2 
4 
6 
7 
10 
12 
13 
13 
11 
10 
5 
1 
-1 
-5 
-7 
-8 
-9 
-9 
-10 
-7 
1 
19 
41 
52 
46 
27 
8 
-4 
-11 
-14 
-15 
-15 
-13 
-11 
-8 
-5 
-3 
0 
1 
2 
4 
4 
5 
6 
6 
8 
10 
12 
15 
17 
19 
20 
19 
19 
17 
16 
14 
11 
10 
8 
7 
5 
3 
2 
-1 
-3 
-4 
-6 
-5 
-6 
-6 
-5 
-5 
-4 
-4 
-3 
-2 
-2 
0 
0 
-1 
0 
1 
4 
8 
10 
13 
13 
12 
12 
9 
5 
1 
-2 
-4 
-7 
-8 
-9 
-10 
-9 
-9 
-3 
13 
34 
51 
50 
34 
15 
0 
-9 
-14 
-16 
-16 
-15 
-12 
-8 
-6 
-3 
-1 
0 
1 
0 
1 
2 
3 
6 
7 
10 
12 
15 
17 
18 
19 
21 
21 
22 
22 
22 
21 
18 
15 
11 
7 
5 
2 
2 
1 
0 
0 
-2 
-2 
-2 
-2 
-1 
-2 
-2 
-1 
0 
2 
3 
3 
3 
2 
2 
2 
1 
2 
3 
6 
10 
12 
15 
15 
14 
12 
6 
2 
-3 
-6 
-8 
-10 
-10 
-10 
-10 
-8 
-4 
8 
29 
45 
47 
31 
11 
-2 
-11 
-15 
-18 
-19 
-19 
-19 
-18 
-16 
-15 
-12 
-11 
-9 
-6 
-5 
-3 
-1 
0 
1 
0 
1 
3 
6 
10 
12 
14 
15 
14 
13 
12 
11 
10 
7 
6 
3 
0 
-3 
-6 
-9 
-10 
-12 
-12 
-12 
-11 
-10 
-10 
-10 
-10 
-10 
-10 
-10 
-9 
-8 
-8 
-8 
-8 
-8 
-9 
-7 
-4 
-1 
3 
6 
7 
8 
7 
4 
0 
-4 
-8 
-10 
-11 
-12 
-13 
-15 
-17 
-18 
-16 
-7 
11 
32 
44 
39 
21 
4 
-7 
-14 
-18 
-20 
-20 
-19 
-19 
-18 
-17 
-15 
-13 
-11 
-9 
-7 
-6 
-4 
-2 
-1 
0 
1 
3 
6 
9 
10 
12 
12 
12 
11 
10 
9 
7 
5 
2 
0 
-1 
-2 
-3 
-5 
-6 
-7 
-9 
-10 
-10 
-11 
-10 
-10 
-10 
-8 
-8 
-6 
-5 
-4 
-3 
-3 
-3 
-2 
-3 
-3 
-4 
-3 
-2 
-1 
1 
4 
8 
12 
13 
14 
13 
10 
6 
1 
-2 
-5 
-9 
-11 
-12 
-13 
-12 
-12 
-6 
7 
28 
47 
49 
35 
15 
-1 
-9 
-14 
-17 
-18 
-19 
-17 
-15 
-13 
-10 
-8 
-6 
-5 
-3 
0 
1 
2 
3 
4 
6 
8 
10 
13 
15 
17 
18 
19 
20 
20 
20 
20 
19 
17 
14 
10 
7 
2 
0 
-2 
-4 
-4 
-4 
-3 
-3 
-4 
-3 
-4 
-4 
-4 
-3 
0 
0 
2 
3 
3 
3 
2 
1 
1 
2 
3 
4 
5 
7 
9 
12 
14 
15 
16 
16 
15 
13 
9 
5 
1 
-1 
-1 
-2 
-2 
-2 
-3 
1 
11 
31 
51 
57 
47 
27 
9 
-1 
-8 
-11 
-13 
-12 
-10 
-8 
-5 
-3 
-2 
0 
1 
3 
4 
4 
6 
6 
8 
11 
13 
15 
17 
20 
22 
23 
24 
24 
23 
23 
21 
20 
19 
17 
16 
12 
8 
4 
0 
0 
-1 
-3 
-4 
-6 
-5 
-4 
-3 
-1 
0 
0 
1 
1 
3 
3 
2 
2 
1 
3 
4 
4 
5 
4 
4 
3 
3 
4 
5 
7 
10 
12 
15 
15 
15 
16 
14 
11 
7 
3 
0 
-2 
-3 
-3 
-5 
-5 
-7 
-2 
12 
32 
52 
54 
40 
21 
4 
-5 
-11 
-14 
-14 
-14 
-13 
-11 
-11 
-8 
-7 
-5 
-3 
-2 
0 
0 
2 
5 
6 
9 
10 
12 
15 
16 
18 
19 
19 
20 
20 
20 
20 
19 
20 
17 
12 
9 
3 
1 
-2 
-4 
-4 
-5 
-5 
-5 
-5 
-3 
-3 
-2 
0 
0 
1 
1 
1 
1 
0 
0 
0 
0 
1 
0 
0 
1 
0 
1 
1 
3 
6 
8 
12 
14 
16 
17 
15 
13 
9 
4 
2 
-1 
-3 
-5 
-7 
-6 
-7 
-6 
-2 
7 
27 
46 
52 
41 
19 
1 
-9 
-14 
-15 
-17 
-16 
-15 
-15 
-12 
-10 
-8 
-6 
-6 
-3 
-1 
0 
3 
4 
7 
8 
9 
12 
14 
16 
18 
19 
20 
20 
21 
21 
21 
21 
19 
16 
12 
6 
2 
-1 
-4 
-5 
-7 
-7 
-7 
-7 
-5 
-4 
-3 
-2 
-3 
-3 
-3 
-2 
0 
0 
1 
2 
1 
2 
1 
0 
1 
2 
4 
6 
8 
11 
14 
16 
16 
15 
13 
8 
4 
1 
-1 
-2 
-3 
-4 
-4 
-4 
-3 
1 
13 
34 
50 
51 
36 
16 
1 
-7 
-11 
-12 
-12 
-12 
-11 
-11 
-9 
-8 
-7 
-5 
-3 
0 
1 
3 
5 
6 
7 
7 
8 
10 
12 
15 
18 
20 
21 
20 
19 
17 
16 
15 
14 
12 
9 
6 
3 
1 
-2 
-5 
-7 
-8 
-8 
-8 
-8 
-7 
-7 
-6 
-5 
-5 
-4 
-4 
-2 
0 
0 
1 
1 
1 
0 
0 
0 
0 
0 
2 
4 
8 
12 
15 
17 
17 
16 
12 
7 
3 
0 
-3 
-5 
-7 
-7 
-7 
-8 
-7 
0 
16 
38 
53 
52 
35 
15 
0 
-9 
-14 
-17 
-17 
-15 
-13 
-10 
-8 
-5 
-3 
-2 
-1 
-1 
0 
1 
2 
4 
6 
8 
11 
12 
14 
16 
18 
19 
20 
21 
22 
21 
20 
17 
13 
10 
7 
4 
2 
0 
-1 
-2 
-3 
-3 
-4 
-5 
-5 
-5 
-4 
-4 
-4 
-3 
-2 
-1 
-1 
0 
0 
0 
0 
1 
1 
2 
2 
5 
7 
8 
11 
13 
15 
15 
13 
9 
4 
-1 
-4 
-7 
-9 
-11 
-13 
-13 
-13 
-7 
5 
25 
45 
51 
40 
20 
2 
-8 
-14 
-17 
-17 
-16 
-14 
-12 
-11 
-8 
-7 
-5 
-3 
-2 
0 
0 
2 
4 
6 
7 
8 
8 
11 
14 
16 
18 
19 
20 
21 
21 
21 
19 
17 
14 
11 
8 
4 
1 
-1 
-3 
-4 
-5 
-5 
-5 
-5 
-5 
-5 
-5 
-3 
-3 
-1 
0 
0 
1 
0 
0 
0 
-1 
0 
0 
0 
3 
6 
9 
11 
12 
12 
10 
7 
2 
-2 
-4 
-8 
-9 
-10 
-11 
-10 
-9 
-2 
12 
30 
46 
45 
29 
11 
-4 
-12 
-17 
-20 
-20 
-20 
-18 
-16 
-14 
-12 
-11 
-10 
-8 
-7 
-4 
-2 
0 
2 
2 
4 
5 
5 
8 
8 
11 
14 
14 
16 
15 
15 
14 
12 
10 
7 
4 
1 
-2 
-3 
-5 
-7 
-6 
-8 
-7 
-8 
-9 
-8 
-9 
-8 
-6 
-7 
-5 
-6 
-5 
-3 
-3 
-1 
-2 
-2 
-1 
-1 
3 
5 
7 
8 
6 
5 
1 
-3 
-6 
-10 
-12 
-13 
-15 
-14 
-15 
-13 
-6 
6 
25 
37 
36 
23 
5 
-6 
-15 
-22 
-26 
-29 
-28 
-26 
-25 
-22 
-21 
-18 
-15 
-14 
-12 
-12 
-12 
-11 
-11 
-8 
-6 
-5 
-2 
0 
2 
4 
5 
7 
6 
6 
5 
3 
1 
-1 
-4 
-6 
-10 
-12 
-14 
-15 
-14 
-15 
-15 
-15 
-16 
-15 
-15 
-14 
-14 
-14 
-12 
-12 
-11 
-9 
-8 
-5 
-3 
0 
2 
5 
7 
9 
7 
5 
0 
-3 
-5 
-9 
-10 
-12 
-12 
-11 
-12 
-9 
-2 
13 
33 
44 
40 
25 
7 
-3 
-10 
-12 
-14 
-14 
-13 
-12 
-10 
-8 
-7 
-5 
-4 
-4 
-2 
-1 
1 
3 
5 
7 
8 
10 
13 
15 
17 
19 
20 
20 
19 
18 
17 
16 
15 
14 
12 
9 
6 
5 
3 
1 
0 
0 
0 
0 
0 
0 
0 
0 
0 
0 
1 
1 
2 
3 
5 
9 
12 
16 
19 
21 
21 
19 
16 
12 
8 
4 
1 
